10001|100001|5428961|10|25|2025|Normal|0
10002|200001|8217734|10|10|2025|Overdue|0
10003|300001|2398467|10|18|2025|Normal|0
10004|100003|1987234|10|5|2025|Overdue|0
10005|200002|4512876|10|18|2025|Normal|0
10006|300002|9876543|10|18|2025|Normal|0
10007|100005|3456789|10|25|2025|Normal|0
10008|200003|7654321|10|10|2025|Overdue|0
10009|300003|5678901|10|18|2025|Normal|0
10010|100006|6543210|10|25|2025|Normal|0
10011|200004|4321098|10|10|2025|Overdue|0
10012|300004|8765432|10|18|2025|Normal|0
10013|100007|1098765|10|25|2025|Normal|0
10014|200005|9876544|10|18|2025|Normal|0
10015|300006|2345678|10|10|2025|Overdue|0
10016|100008|8765433|10|25|2025|Normal|0
10017|200006|4567890|10|18|2025|Normal|0
10018|300007|1234567|10|18|2025|Normal|0
10019|100009|3321884|10|10|2025|Overdue|0
10020|200008|7455123|10|18|2025|Normal|0
10021|300008|6654321|10|18|2025|Normal|0
10022|100010|8899001|10|25|2025|Normal|0
10023|200009|2211334|10|10|2025|Overdue|0
10024|300010|5566778|10|18|2025|Normal|0
10025|100012|9988776|10|25|2025|Normal|0
10026|200010|1122334|10|10|2025|Overdue|0
10027|300011|3344556|10|18|2025|Normal|0
10028|100013|7788990|10|25|2025|Normal|0
10029|200012|6677889|10|10|2025|Overdue|0
10030|300012|1133445|10|18|2025|Normal|0
10031|100014|5544332|10|25|2025|Normal|0
10032|200013|2244556|10|10|2025|Overdue|0
10033|300014|7766554|10|18|2025|Normal|0
10034|100016|3355667|10|25|2025|Normal|0
10035|200014|8877665|10|18|2025|Normal|0
10036|300015|4466778|10|10|2025|Overdue|0
10037|100017|9955443|10|25|2025|Normal|0
10038|200016|1144556|10|18|2025|Normal|0
10039|300016|6655443|10|18|2025|Normal|0
10040|100018|2266778|10|10|2025|Overdue|0
10041|200017|3377889|10|18|2025|Normal|0
10042|300018|8866554|10|18|2025|Normal|0
10043|100020|4488990|10|10|2025|Overdue|0
10044|200018|9944332|10|18|2025|Normal|0
10045|300019|1010101|10|18|2025|Normal|0
10046|100021|2020202|10|25|2025|Normal|0
10047|200020|3030303|10|10|2025|Overdue|0
10048|300020|4040404|10|18|2025|Normal|0
10049|100022|5050505|10|25|2025|Normal|0
10050|200021|6060606|10|18|2025|Normal|0
10051|300022|7070707|10|10|2025|Overdue|0
10052|100024|8080808|10|25|2025|Normal|0
10053|200022|9090909|10|18|2025|Normal|0
10054|300023|1112223|10|18|2025|Normal|0
10055|100025|2223334|10|10|2025|Overdue|0
10056|200024|3334445|10|18|2025|Normal|0
10057|300024|4445556|10|18|2025|Normal|0
10058|100026|5556667|10|25|2025|Normal|0
10059|200025|6667778|10|10|2025|Overdue|0
10060|300025|7778889|10|18|2025|Normal|0
10061|100028|8889990|10|25|2025|Normal|0
10062|200026|9990001|10|18|2025|Normal|0
10063|300026|1231231|10|10|2025|Overdue|0
10064|100029|2342342|10|25|2025|Normal|0
10065|200028|3453453|10|18|2025|Normal|0
10066|300027|4564564|10|18|2025|Normal|0
10067|100030|5675675|10|10|2025|Overdue|0
10068|200029|6786786|10|18|2025|Normal|0
10069|300028|7897897|10|18|2025|Normal|0
10070|100032|8908908|10|25|2025|Normal|0
10071|200030|9019019|10|10|2025|Overdue|0
10072|300029|1357913|10|18|2025|Normal|0
10073|100033|2468024|10|25|2025|Normal|0
10074|200032|3579135|10|18|2025|Normal|0
10075|300030|4680246|10|10|2025|Overdue|0
10076|100034|5791357|10|25|2025|Normal|0
10077|200033|6802468|10|18|2025|Normal|0
10078|300031|7913579|10|18|2025|Normal|0
10079|100036|8024680|10|10|2025|Overdue|0
10080|200034|9135791|10|18|2025|Normal|0
10081|300032|1472583|10|18|2025|Normal|0
10082|100037|2583694|10|25|2025|Normal|0
10083|200036|3694805|10|10|2025|Overdue|0
10084|300033|4805916|10|18|2025|Normal|0
10085|100038|5916027|10|25|2025|Normal|0
10086|200037|6027138|10|18|2025|Normal|0
10087|300034|7138249|10|10|2025|Overdue|0
10088|100040|8249360|10|25|2025|Normal|0
10089|200038|9360471|10|18|2025|Normal|0
10090|300035|1592634|10|18|2025|Normal|0
10091|100041|2634758|10|10|2025|Overdue|0
10092|200040|3758962|10|18|2025|Normal|0
10093|300036|4758962|10|18|2025|Normal|0
10094|100042|5896247|10|25|2025|Normal|0
10095|200041|6962475|10|10|2025|Overdue|0
10096|300037|7247589|10|18|2025|Normal|0
10097|100044|8475896|10|25|2025|Normal|0
10098|200042|9589624|10|18|2025|Normal|0
10099|300038|1739528|10|10|2025|Overdue|0
10100|100045|2852852|10|25|2025|Normal|0
10101|200044|3965821|10|18|2025|Normal|0
10102|300039|4178593|10|18|2025|Normal|0
10103|100046|5291365|10|10|2025|Overdue|0
10104|200045|6414137|10|18|2025|Normal|0
10105|300040|7536909|10|18|2025|Normal|0
10106|100048|8659681|10|25|2025|Normal|0
10107|200046|9782453|10|10|2025|Overdue|0
10108|300042|1927458|10|18|2025|Normal|0
10109|100049|2149763|10|25|2025|Normal|0
10110|200047|3272068|10|18|2025|Normal|0
10111|300043|4394373|10|10|2025|Overdue|0
10112|100050|5516678|10|25|2025|Normal|0
10113|200048|6638983|10|18|2025|Normal|0
10114|300044|7761288|10|18|2025|Normal|0
10115|100052|8883593|10|10|2025|Overdue|0
10116|200049|9905898|10|18|2025|Normal|0
10117|300046|1128203|10|18|2025|Normal|0
10118|100053|2250508|10|25|2025|Normal|0
10119|200050|3372813|10|10|2025|Overdue|0
10120|300047|4495118|10|18|2025|Normal|0
10121|100054|5617423|10|25|2025|Normal|0
10122|200052|6739728|10|18|2025|Normal|0
10123|300048|7862033|10|10|2025|Overdue|0
10124|100056|8984338|10|25|2025|Normal|0
10125|200053|9106643|10|18|2025|Normal|0
10126|300050|1228948|10|18|2025|Normal|0
10127|100057|2351253|10|10|2025|Overdue|0
10128|200054|3473558|10|18|2025|Normal|0
10129|300051|4595863|10|18|2025|Normal|0
10130|100058|5718168|10|25|2025|Normal|0
10131|200056|6840473|10|10|2025|Overdue|0
10132|300052|7962778|10|18|2025|Normal|0
10133|100060|8085083|10|25|2025|Normal|0
10134|200057|9207388|10|18|2025|Normal|0
10135|300054|1329693|10|10|2025|Overdue|0
10136|100061|2451998|10|25|2025|Normal|0
10137|200058|3574203|10|18|2025|Normal|0
10138|300055|4696508|10|18|2025|Normal|0
10139|100062|5818813|10|10|2025|Overdue|0
10140|200060|6941118|10|18|2025|Normal|0
10141|300056|7063423|10|18|2025|Normal|0
10142|100064|8185728|10|25|2025|Normal|0
10143|200061|9308033|10|10|2025|Overdue|0
10144|300057|1430338|10|18|2025|Normal|0
10145|100065|2552643|10|25|2025|Normal|0
10146|200062|3674948|10|18|2025|Normal|0
1|300058|4797253|10|10|2025|Overdue|0
10148|100066|5919558|10|25|2025|Normal|0
10149|200064|6041863|10|18|2025|Normal|0
10150|300059|7164168|10|18|2025|Normal|0
10151|100068|8286473|10|10|2025|Overdue|0
10152|200065|9408778|10|18|2025|Normal|0
10153|300060|1531083|10|18|2025|Normal|0
10154|100069|2653388|10|25|2025|Normal|0
10155|200066|3775693|10|10|2025|Overdue|0
10156|300061|4897998|10|18|2025|Normal|0
10157|100070|5020303|10|25|2025|Normal|0
10158|200068|6142608|10|18|2025|Normal|0
10159|300062|7264913|10|10|2025|Overdue|0
10160|100072|8387218|10|25|2025|Normal|0
10161|200069|9509523|10|18|2025|Normal|0
10162|300063|1631828|10|18|2025|Normal|0
10163|100073|2754133|10|10|2025|Overdue|0
10164|200070|3876438|10|18|2025|Normal|0
10165|300064|4998743|10|18|2025|Normal|0
10166|100074|5121048|10|25|2025|Normal|0
10167|200072|6243353|10|10|2025|Overdue|0
10168|300065|7365658|10|18|2025|Normal|0
10169|100076|8487963|10|25|2025|Normal|0
10170|200073|9610268|10|18|2025|Normal|0
10171|300066|1732573|10|10|2025|Overdue|0
10172|100077|2854878|10|25|2025|Normal|0
10173|200074|3977183|10|18|2025|Normal|0
10174|300067|4099488|10|18|2025|Normal|0
10175|100078|5221793|10|10|2025|Overdue|0
10176|200076|6344098|10|18|2025|Normal|0
10177|300068|7466403|10|18|2025|Normal|0
10178|100080|8588708|10|25|2025|Normal|0
10179|200077|9711013|10|10|2025|Overdue|0
10180|300069|1833318|10|18|2025|Normal|0
10181|100081|2955623|10|25|2025|Normal|0
10182|200078|3077928|10|18|2025|Normal|0
10183|300070|4200233|10|10|2025|Overdue|0
10184|100082|5322538|10|25|2025|Normal|0
10185|200080|6444843|10|18|2025|Normal|0
10186|300071|7567148|10|18|2025|Normal|0
10187|100084|8689453|10|10|2025|Overdue|0
10188|200081|9811758|10|18|2025|Normal|0
10189|300072|1934063|10|18|2025|Normal|0
10190|100085|2056368|10|25|2025|Normal|0
10191|200082|3178673|10|10|2025|Overdue|0
10192|300073|4300978|10|18|2025|Normal|0
10193|100086|5423283|10|25|2025|Normal|0
10194|200084|6545588|10|18|2025|Normal|0
10195|300074|7667893|10|10|2025|Overdue|0
10196|100088|8790198|10|25|2025|Normal|0
10197|200085|9912503|10|18|2025|Normal|0
10198|300075|1134808|10|18|2025|Normal|0
10199|100089|2257113|10|10|2025|Overdue|0
10200|200086|3379418|10|18|2025|Normal|0
10201|300076|4501723|10|18|2025|Normal|0
10202|100090|5624028|10|25|2025|Normal|0
10203|200088|6746333|10|10|2025|Overdue|0
10204|300077|7868638|10|18|2025|Normal|0
10205|100092|8990943|10|25|2025|Normal|0
10206|200089|9113248|10|18|2025|Normal|0
10207|300078|1235553|10|10|2025|Overdue|0
10208|100093|2357858|10|25|2025|Normal|0
10209|200090|3480163|10|18|2025|Normal|0
10210|300079|4602468|10|18|2025|Normal|0
10211|100094|5724773|10|10|2025|Overdue|0
10212|200082|6847078|10|18|2025|Normal|0
10213|300080|7969383|10|18|2025|Normal|0
10214|100096|8091688|10|25|2025|Normal|0
10215|200084|9213993|10|10|2025|Overdue|0
10216|300081|1336298|10|18|2025|Normal|0
10217|100097|2458603|10|25|2025|Normal|0
10218|200085|3580908|10|18|2025|Normal|0
10219|300082|4703213|10|10|2025|Overdue|0
10220|100098|5825518|10|25|2025|Normal|0
10221|200086|6947823|10|18|2025|Normal|0
10222|300083|7070128|10|18|2025|Normal|0
10223|100100|8192433|10|10|2025|Overdue|0
10224|200088|9314738|10|18|2025|Normal|0
10225|300084|1437043|10|18|2025|Normal|0
10226|100101|2559348|10|25|2025|Normal|0
10227|200089|3681653|10|10|2025|Overdue|0
1|300085|4803958|10|18|2025|Normal|0
10229|100102|5926263|10|25|2025|Normal|0
10230|200090|6048568|10|18|2025|Normal|0
10231|300086|7170873|10|10|2025|Overdue|0
10232|100104|8293178|10|25|2025|Normal|0
10233|200081|9415483|10|18|2025|Normal|0
10234|300087|1537788|10|18|2025|Normal|0
10235|100105|2660093|10|10|2025|Overdue|0
10236|200082|300082|10|18|2025|Normal|0
10237|300088|300088|10|18|2025|Normal|0
10238|100106|300088|10|25|2025|Normal|0
10239|200084|300088|10|10|2025|Overdue|0
10240|300089|300089|10|18|2025|Normal|0
10241|100108|300089|10|25|2025|Normal|0
10242|200085|300089|10|18|2025|Normal|0
10243|300090|300090|10|10|2025|Overdue|0
10244|100109|300090|10|25|2025|Normal|0
10245|200086|300090|10|18|2025|Normal|0
10246|300091|300091|10|18|2025|Normal|0
10247|100110|300091|10|10|2025|Overdue|0
10248|200088|300091|10|18|2025|Normal|0
10249|300092|300092|10|18|2025|Normal|0
10250|100112|300092|10|25|2025|Normal|0
